total: 120.07570257451479 171.9123 119.31618 43.802467003980816 0.9899010098990101 %
Getnext: 2.1263033116623298 41.21614 1.87212 1850.3484326157168 %
FP_BP: 117.1653250010005 118.10755 116.17662 1.6480387862053172 %
bpend_iter: 0.7840742618523721 43.56458 0.42388 5502.11913576659 %
AR1: 4.536080296059223 46.5106 3.79582 941.6671930853827 %
AR2: 0.5491661582316446 37.06293 0.21746 6709.348245100375 %
