aipp_op {
aipp_mode:static
input_format : RGB888_U8
mean_chn_0 : 127
mean_chn_1 : 127
mean_chn_2 : 127
var_reci_chn_0 : 0.0078125
var_reci_chn_1 : 0.0078125
var_reci_chn_2 : 0.0078125
}

