total: 19.26454 19.31272 19.22132 0.47444683340479527 % 0.0 %
Getnext: 0.059469999999999995 0.07277 0.05295 33.32772826635279 %
FP_BP: 19.178237499999998 19.23049 19.14 0.47183689324944006 %
bpend_iter: 0.0268325 0.03272 0.02406 32.27429423274014 %
