total: 129.05 170.25996 119.67792 39.2 7.679232076792321 %
Getnext: 11.34 52.46093 2.46242 440.9 %
FP_BP: 117.58 118.12403 117.08385 0.88 %
bpend_iter: 0.13 0.20881 0.10655 78.66 %
