aipp_op {
    aipp_mode: static
    input_format: RGB888_U8
    csc_switch: false
    rbuv_swap_switch: true
    mean_chn_0: 0
    mean_chn_1: 0
    mean_chn_2: 0
    min_chn_0: 127.5
    min_chn_1: 127.5
    min_chn_2: 127.5
    var_reci_chn_0: 0.008844325235255
    var_reci_chn_1: 0.008844325235255
    var_reci_chn_2: 0.008844325235255
}